2.99893
1.56524
2.7818
1.96995
2.82426
1.94328
1.09912
1.9253
2.00791
1.58924
3.39119
1.01493
1.95106
0.556665
0.93933
0.611702
12.9207
2.7674
1.26397
2.57972
1.61787
4.0609
0.765182
3.16534
1.5458
1.86523
1.50036
1.81756
3.84431
1.75715
3.99686
2.00481
1.57782
3.54053
2.09474
3.52469
3.21675
1.86369
1.80078
1.70624
1.88164
0.839706
2.01236
2.02206
1.92875
0.678382
3.74433
1.66762
1.75273
0.819785
0.809572
-0.0097616
3.33837
2.48817
2.29636
2.24391
0.907661
1.40091
1.21207
-0.580138
0.783523
0.756718
1.76212
3.80041
1.53112
-0.236576
1.7014
3.781
1.11399
2.25641
1.63149
1.28445
1.61318
1.69897
1.87269
2.85312
2.45516
1.96888
13.1133
3.19905
2.35927
1.44144
2.93245
3.39053
2.9787
1.10535
2.27789
1.24735
1.38319
0.701467
2.98646
2.30308
0.51481
3.34417
2.22041
1.82164
1.66808
2.36822
1.55047
3.50734
1.9584
2.08203
